last-generated=2024-12-12
statistics-initialization=
{
  "linear": "4"
}
statistics-simulation=
{
  "linear": "0, 0, 4",
  "nonlinear": "1, 1, 0, 0, 1, 0, 1, 0, 1",
  "number of continuous time states": "15",
  "numerical Jacobians": "0"
}
time=[0e+00, 3.1536e+07]
multizone.PHeater[1]=[0e+00, 4.895473046875e+04, 6.3561765625e+04, 9.366725e+04, 8.0217734375e+04, 2.7035634765625e+03, 7.08543515625e+04, 9.523175e+04, 0e+00, 9.66464375e+04, 1e+05, 0e+00, 6.72364375e+04, 5.484554296875e+04, 6.9532216796875e+03, 9.93423984375e+04, 3.989356640625e+04, 0e+00, 6.8932640625e+04, 3.25982890625e+04, 0e+00, 4.718028125e+04, 2.0250115234375e+04, 2.978821484375e+04, 8.62672734375e+04, 7.288116455078125e+02, 0e+00, 7.8826765625e+04, 3.424354736328125e+03, 0e+00, 2.3838099609375e+04, 0e+00, 5.7624390625e+04, 1.8352498046875e+04, 0e+00, 4.00184296875e+04, 3.1755166015625e+04, 0e+00, 0e+00, 0e+00, 0e+00, 0e+00, 0e+00, 0e+00, 6.289732421875e+03, 0e+00, 0e+00, 0e+00, 0e+00, 0e+00, 0e+00, 0e+00, 0e+00, 0e+00, 0e+00, 0e+00, 0e+00, 0e+00, 0e+00, 0e+00, 0e+00, 0e+00, 0e+00, 0e+00, 0e+00, 0e+00, 0e+00, 0e+00, 0e+00, 0e+00, 0e+00, 0e+00, 0e+00, 0e+00, 0e+00, 1.770086791992188e+03, 0e+00, 0e+00, 2.19866015625e+04, 1.13861220703125e+04, 7.8997216796875e+02, 3.227877734375e+04, 1.05773349609375e+04, 2.662676953125e+04, 2.4883240234375e+04, 4.83933740234375e+03, 5.53797734375e+04, 7.65180078125e+04, 0e+00, 9.52291328125e+04, 1e+05, 0e+00, 1e+05, 1e+05, 2.3519048828125e+04, 8.64093515625e+04, 5.63475703125e+04, 2.177675390625e+04, 9.20195703125e+04, 4.262330859375e+04, 3.498739453125e+04]
multizone.PCooler[1]=[0e+00, 0e+00]
multizone.TAir[1]=[2.926693420410156e+02, 2.92944580078125e+02, 2.91462646484375e+02, 2.910693054199219e+02, 2.937827453613281e+02, 2.910584411621094e+02, 2.940205993652344e+02, 2.921398620605469e+02, 2.905289611816406e+02, 2.939860229492188e+02, 2.889428100585938e+02, 2.908275756835938e+02, 2.919084777832031e+02, 2.925018615722656e+02, 2.907705993652344e+02, 2.919636840820312e+02, 2.917964782714844e+02, 2.910414428710938e+02, 2.92580078125e+02, 2.898863525390625e+02, 2.918163146972656e+02, 2.929291076660156e+02, 2.913489990234375e+02, 2.9258056640625e+02, 2.935478820800781e+02, 2.915619506835938e+02, 2.944395141601562e+02, 2.925507202148438e+02, 2.902825927734375e+02, 2.930796508789062e+02, 2.937925720214844e+02, 2.916236267089844e+02, 2.921322326660156e+02, 2.934276428222656e+02, 2.923756103515625e+02, 2.921630249023438e+02, 2.916480407714844e+02, 2.94809814453125e+02, 2.977449645996094e+02, 2.97646728515625e+02, 2.939688110351562e+02, 2.949316711425781e+02, 2.958185729980469e+02, 2.948041076660156e+02, 2.930040283203125e+02, 2.933631591796875e+02, 2.979796447753906e+02, 2.966005249023438e+02, 2.978067626953125e+02, 2.966387634277344e+02, 2.946296081542969e+02, 2.9786328125e+02, 2.996255798339844e+02, 2.981255798339844e+02, 2.956971435546875e+02, 2.983899841308594e+02, 3.005097961425781e+02, 2.993552551269531e+02, 2.965006713867188e+02, 2.942541809082031e+02, 2.983402404785156e+02, 3.019403991699219e+02, 2.988963012695312e+02, 2.99207763671875e+02, 2.96912353515625e+02, 2.940038452148438e+02, 2.96871826171875e+02, 2.968250732421875e+02, 2.976596069335938e+02, 2.951629028320312e+02, 2.961971435546875e+02, 2.946759033203125e+02, 2.94118408203125e+02, 2.949582824707031e+02, 2.920552062988281e+02, 2.925810546875e+02, 2.950563049316406e+02, 2.922785339355469e+02, 2.92736083984375e+02, 2.908626403808594e+02, 2.9140869140625e+02, 2.938860473632812e+02, 2.9181298828125e+02, 2.926290588378906e+02, 2.927169189453125e+02, 2.907261352539062e+02, 2.939852905273438e+02, 2.922136840820312e+02, 2.903764038085938e+02, 2.944316711425781e+02, 2.917227478027344e+02, 2.907040405273438e+02, 2.900916748046875e+02, 2.907115173339844e+02, 2.907098083496094e+02, 2.919364013671875e+02, 2.909352416992188e+02, 2.913135681152344e+02, 2.924851379394531e+02, 2.89559814453125e+02, 2.918399353027344e+02]
