last-generated=2024-07-08
statistics-initialization=
{
  "linear": "4"
}
statistics-simulation=
{
  "linear": "0, 4, 0",
  "nonlinear": "0, 1, 0, 1, 0, 1",
  "number of continuous time states": "15",
  "numerical Jacobians": "0"
}
time=[0e+00, 3.1536e+07]
multizone.PHeater[1]=[0e+00, 0e+00, 1.636867431640625e+03, 3.05530078125e+03, 0e+00, 1.44516015625e+03, 1.108107666015625e+03, 0e+00, 1.863056884765625e+03, 7.075697631835938e+02, 3.672236022949219e+02, 1.7247265625e+03, 0e+00, 0e+00, 1.379810180664062e+03, 0e+00, 0e+00, 8.659498291015625e+02, 0e+00, 0e+00, 0e+00, 0e+00, 3.742168045043945e+01, 1.831396789550781e+02, 0e+00, 2.018469848632812e+02, 0e+00, 0e+00, 1.057414306640625e+03, 0e+00, 0e+00, 0e+00, 0e+00, 0e+00, 0e+00, 0e+00, 0e+00, 0e+00, 0e+00, 0e+00, 0e+00, 0e+00, 0e+00, 0e+00, 0e+00, 0e+00, 0e+00, 0e+00, 0e+00, 0e+00, 0e+00, 0e+00, 0e+00, 0e+00, 0e+00, 0e+00, 0e+00, 0e+00, 0e+00, 0e+00, 0e+00, 0e+00, 0e+00, 0e+00, 0e+00, 0e+00, 0e+00, 0e+00, 0e+00, 0e+00, 0e+00, 0e+00, 0e+00, 0e+00, 4.038091735839844e+02, 0e+00, 0e+00, 0e+00, 0e+00, 0e+00, 0e+00, 0e+00, 0e+00, 0e+00, 0e+00, 1.405735107421875e+03, 2.492582397460938e+02, 0e+00, 1.711273681640625e+03, 6.2360693359375e+02, 0e+00, 1.774565673828125e+03, 3.634128112792969e+02, 3.9523291015625e+02, 2.55492138671875e+03, 0e+00, 2.500166511535645e+01, 2.35653515625e+03, 0e+00, 2.984653091430664e+01, 2.26163525390625e+03]
multizone.PCooler[1]=[0e+00, 0e+00]
multizone.TAir[1]=[2.931112365722656e+02, 2.943642272949219e+02, 2.932611999511719e+02, 2.930845642089844e+02, 2.938546447753906e+02, 2.930925598144531e+02, 2.930845642089844e+02, 2.936407470703125e+02, 2.931067504882812e+02, 2.929881896972656e+02, 2.931902465820312e+02, 2.931036071777344e+02, 2.93735595703125e+02, 2.9447509765625e+02, 2.931006469726562e+02, 2.945510559082031e+02, 2.93989013671875e+02, 2.930940551757812e+02, 2.947859802246094e+02, 2.9401953125e+02, 2.934076843261719e+02, 2.951585693359375e+02, 2.932868041992188e+02, 2.930892333984375e+02, 2.950794982910156e+02, 2.930802001953125e+02, 2.964951171875e+02, 2.958553771972656e+02, 2.930885009765625e+02, 2.967782592773438e+02, 2.978770751953125e+02, 2.9435205078125e+02, 2.958790588378906e+02, 2.965880126953125e+02, 2.946269836425781e+02, 2.974158935546875e+02, 2.96288330078125e+02, 2.965032348632812e+02, 2.994303588867188e+02, 2.993827209472656e+02, 2.963330993652344e+02, 2.986485900878906e+02, 2.980317687988281e+02, 2.961101989746094e+02, 2.979540405273438e+02, 2.958816528320312e+02, 2.985552062988281e+02, 2.989842834472656e+02, 2.974503784179688e+02, 2.98080810546875e+02, 2.982937622070312e+02, 2.986386108398438e+02, 3.002658081054688e+02, 2.991775207519531e+02, 2.955610046386719e+02, 3.002572631835938e+02, 3.009230041503906e+02, 2.977726135253906e+02, 2.987154235839844e+02, 2.9750830078125e+02, 2.989191284179688e+02, 3.019420471191406e+02, 2.987283020019531e+02, 2.987991027832031e+02, 2.987083129882812e+02, 2.952793884277344e+02, 2.985313415527344e+02, 2.991422119140625e+02, 2.969954833984375e+02, 2.974808959960938e+02, 2.989631652832031e+02, 2.944010620117188e+02, 2.976495666503906e+02, 2.97602294921875e+02, 2.931066589355469e+02, 2.9701416015625e+02, 2.978282165527344e+02, 2.942288513183594e+02, 2.965910949707031e+02, 2.953166809082031e+02, 2.931309204101562e+02, 2.962094116210938e+02, 2.940878295898438e+02, 2.932273864746094e+02, 2.950159301757812e+02, 2.931024169921875e+02, 2.9307861328125e+02, 2.94167236328125e+02, 2.931038513183594e+02, 2.9298779296875e+02, 2.937638244628906e+02, 2.931037902832031e+02, 2.93069580078125e+02, 2.931517944335938e+02, 2.931006774902344e+02, 2.93851806640625e+02, 2.931489868164062e+02, 2.931094055175781e+02, 2.936231689453125e+02, 2.930594787597656e+02, 2.93018798828125e+02]
