last-generated=2024-12-12
statistics-initialization=
{
  "linear": "4, 4, 4, 4, 4, 4, 4"
}
statistics-simulation=
{
  "linear": "0, 4, 0, 0, 4, 0, 0, 4, 0, 0, 4, 0, 0, 4, 0, 0, 4, 0, 0, 4, 0",
  "nonlinear": "0, 1, 0, 1, 0, 1, 0, 1, 0, 1, 0, 1, 0, 1, 0, 1, 0, 1, 0, 1, 0, 1, 0, 1, 0, 1, 0,   1, 0, 1, 0, 1, 0, 1, 0, 1, 0, 1, 0, 1, 0, 1",
  "number of continuous time states": "87",
  "numerical Jacobians": "0"
}
time=[0e+00, 3.1536e+07]
multizone.PHeater[1]=[0e+00, 3.003849487304688e+02, 6.99603759765625e+02, 8.32833251953125e+02, 5.107773742675781e+02, 5.912633056640625e+02, 5.807124633789062e+02, 4.7147265625e+02, 5.238528442382812e+02, 5.5388720703125e+02, 6.959194946289062e+02, 5.823063354492188e+02, 4.521188049316406e+02, 3.335028991699219e+02, 5.824474487304688e+02, 4.591371765136719e+02, 3.566600646972656e+02, 6.02736328125e+02, 3.510497131347656e+02, 4.095696716308594e+02, 4.685134887695312e+02, 2.326156311035156e+02, 4.980297546386719e+02, 5.115665283203125e+02, 2.847685241699219e+02, 4.944720764160156e+02, 1.042747344970703e+02, 2.687210998535156e+02, 4.995708923339844e+02, 1.895431671142578e+02, 5.446765518188477e+01, 4.845503540039062e+02, 2.850396423339844e+02, 5.74271354675293e+01, 3.49400634765625e+02, 1.415962371826172e+02, 1.379483642578125e+02, 0e+00, 0e+00, 0e+00, 1.332202606201172e+02, 0e+00, 0e+00, 2.031542816162109e+02, 0e+00, 1.231880340576172e+02, 0e+00, 0e+00, 0e+00, 0e+00, 0e+00, 0e+00, 0e+00, 0e+00, 1.50683349609375e+02, 0e+00, 0e+00, 0e+00, 0e+00, 0e+00, 0e+00, 0e+00, 0e+00, 0e+00, 0e+00, 2.246846313476562e+02, 0e+00, 0e+00, 0e+00, 1.152519149780273e+02, 0e+00, 4.713847961425781e+02, 8.049441528320312e+01, 1.46252965927124e+01, 7.260708618164062e+02, 1.635539703369141e+02, 0e+00, 3.813497924804688e+02, 1.907981109619141e+02, 3.541156311035156e+02, 5.111299133300781e+02, 2.489499359130859e+02, 4.333108215332031e+02, 5.217290649414062e+02, 2.762581787109375e+02, 5.121443481445312e+02, 5.249982299804688e+02, 4.267638549804688e+02, 5.6902978515625e+02, 5.60908447265625e+02, 4.979895935058594e+02, 6.284898681640625e+02, 5.559846801757812e+02, 5.354453125e+02, 6.766224365234375e+02, 5.589375610351562e+02, 4.584216918945312e+02, 6.312722778320312e+02, 4.532965087890625e+02, 4.866451110839844e+02, 6.211466064453125e+02]
multizone.PCooler[1]=[0e+00, 0e+00]
multizone.TAir[1]=[2.931499938964844e+02, 2.931494750976562e+02, 2.931537170410156e+02, 2.93147705078125e+02, 2.931534118652344e+02, 2.931480407714844e+02, 2.931448059082031e+02, 2.931521606445312e+02, 2.931497802734375e+02, 2.931475524902344e+02, 2.931484680175781e+02, 2.931497802734375e+02, 2.931487426757812e+02, 2.931545715332031e+02, 2.9314990234375e+02, 2.931455688476562e+02, 2.931547546386719e+02, 2.931496887207031e+02, 2.931452331542969e+02, 2.931554565429688e+02, 2.931469116210938e+02, 2.931498413085938e+02, 2.931609802246094e+02, 2.931492614746094e+02, 2.931517944335938e+02, 2.931472778320312e+02, 2.931416625976562e+02, 2.931551208496094e+02, 2.931479187011719e+02, 2.93142578125e+02, 2.931513977050781e+02, 2.931529541015625e+02, 2.931473388671875e+02, 2.931546020507812e+02, 2.931492614746094e+02, 2.931324768066406e+02, 2.931554565429688e+02, 2.932956848144531e+02, 2.961755065917969e+02, 2.966518249511719e+02, 2.931458740234375e+02, 2.947676696777344e+02, 2.940697326660156e+02, 2.931487426757812e+02, 2.935332641601562e+02, 2.931502075195312e+02, 2.951344604492188e+02, 2.953867797851562e+02, 2.946820068359375e+02, 2.943002319335938e+02, 2.936036987304688e+02, 2.958036499023438e+02, 2.989119262695312e+02, 2.966578063964844e+02, 2.931459655761719e+02, 2.972188415527344e+02, 2.992649536132812e+02, 2.953082580566406e+02, 2.954644165039062e+02, 2.932638244628906e+02, 2.957730712890625e+02, 2.997154235839844e+02, 2.956530456542969e+02, 2.95645751953125e+02, 2.952394714355469e+02, 2.931475524902344e+02, 2.946629028320312e+02, 2.947770690917969e+02, 2.933774719238281e+02, 2.931465454101562e+02, 2.94154296875e+02, 2.931498718261719e+02, 2.931432189941406e+02, 2.931582336425781e+02, 2.931517639160156e+02, 2.931439514160156e+02, 2.933251342773438e+02, 2.931509094238281e+02, 2.931459655761719e+02, 2.931581115722656e+02, 2.931492614746094e+02, 2.931488952636719e+02, 2.931627807617188e+02, 2.931502990722656e+02, 2.931547546386719e+02, 2.931499633789062e+02, 2.931449584960938e+02, 2.931567077636719e+02, 2.931497802734375e+02, 2.931476135253906e+02, 2.931498413085938e+02, 2.931500854492188e+02, 2.931501770019531e+02, 2.931518859863281e+02, 2.931493530273438e+02, 2.931448669433594e+02, 2.93151611328125e+02, 2.931508178710938e+02, 2.931441345214844e+02, 2.931539916992188e+02, 2.931486206054688e+02]
multizone.PHeater[2]=[4e+02, 2.172126159667969e+02, 5.622293701171875e+02, 6.312954711914062e+02, 1.292750701904297e+02, 1.600308990478516e+02, 2.561844787597656e+02, 3.4841064453125e+02, 2.379438323974609e+02, 4.398455200195312e+02, 5.572909545898438e+02, 1.837837219238281e+02, 1.371656799316406e+02, 2.264772644042969e+02, 2.915471496582031e+02, 2.97289794921875e+02, 2.214743347167969e+02, 1.152847595214844e+02, 2.141956176757812e+02, 2.194606170654297e+02, 9.335142517089844e+01, 1.996764526367188e+02, 2.159763946533203e+02, 1.878679351806641e+02, 3.432512664794922e+01, 6.967897796630859e+01, 0e+00, 8.748360443115234e+01, 3.411730041503906e+02, 0e+00, 0e+00, 4.771559143066406e+01, 1.074724502563477e+02, 1.139671401977539e+02, 3.591214370727539e+01, 0e+00, 1.325423278808594e+02, 0e+00, 0e+00, 0e+00, 0e+00, 0e+00, 0e+00, 3.381777572631836e+01, 0e+00, 4.951051235198975e+00, 0e+00, 0e+00, 0e+00, 0e+00, 1.279135437011719e+02, 0e+00, 0e+00, 0e+00, 8.369717407226562e+01, 0e+00, 0e+00, 0e+00, 0e+00, 1.164531860351562e+02, 0e+00, 0e+00, 0e+00, 0e+00, 0e+00, 1.496873626708984e+02, 0e+00, 0e+00, 0e+00, 3.748202514648438e+01, 0e+00, 1.109674758911133e+02, 0e+00, 1.056023178100586e+02, 1.969163208007812e+02, 4.778520202636719e+01, 5.719771957397461e+01, 1.535820007324219e+02, 8.375466918945312e+01, 1.974195556640625e+02, 1.620076751708984e+02, 0e+00, 1.301740264892578e+02, 1.649667510986328e+02, 2.008373718261719e+02, 2.197997741699219e+02, 1.566638793945312e+02, 2.193815002441406e+02, 2.446055755615234e+02, 3.478146362304688e+02, 3.780749816894531e+02, 1.804192962646484e+02, 4.470023193359375e+02, 5.076860046386719e+02, 4.46746826171875e+02, 2.1528955078125e+02, 2.865470886230469e+02, 2.638252258300781e+02, 2.829959106445312e+02, 2.85609619140625e+02, 3.244836120605469e+02]
multizone.PCooler[2]=[0e+00, 0e+00]
multizone.TAir[2]=[2.931499938964844e+02, 2.971485290527344e+02, 2.971477355957031e+02, 2.971475219726562e+02, 2.9715234375e+02, 2.971492309570312e+02, 2.971496887207031e+02, 2.971492919921875e+02, 2.971500854492188e+02, 2.971485900878906e+02, 2.971455383300781e+02, 2.971495666503906e+02, 2.971485900878906e+02, 2.971535034179688e+02, 2.97148193359375e+02, 2.971484375e+02, 2.971514282226562e+02, 2.97148193359375e+02, 2.971565246582031e+02, 2.971466064453125e+02, 2.971488952636719e+02, 2.971503601074219e+02, 2.971458740234375e+02, 2.971478271484375e+02, 2.971540832519531e+02, 2.971484985351562e+02, 2.975070495605469e+02, 2.971408996582031e+02, 2.971476745605469e+02, 2.980408935546875e+02, 2.972151184082031e+02, 2.971487426757812e+02, 2.971481018066406e+02, 2.9715234375e+02, 2.971485595703125e+02, 2.976049194335938e+02, 2.97149169921875e+02, 2.973919677734375e+02, 2.995914916992188e+02, 2.992720031738281e+02, 2.9767529296875e+02, 2.987845764160156e+02, 2.980800476074219e+02, 2.971484069824219e+02, 2.979360961914062e+02, 2.971492614746094e+02, 2.988656616210938e+02, 2.981393127441406e+02, 2.987914123535156e+02, 2.973278198242188e+02, 2.971569213867188e+02, 2.990055541992188e+02, 3.00351806640625e+02, 2.983733825683594e+02, 2.971484985351562e+02, 2.997285766601562e+02, 3.001924438476562e+02, 2.988239135742188e+02, 2.97790283203125e+02, 2.971512145996094e+02, 2.990730590820312e+02, 3.011815490722656e+02, 2.982170715332031e+02, 2.992453002929688e+02, 2.978204040527344e+02, 2.971493225097656e+02, 2.976260681152344e+02, 2.982906799316406e+02, 2.982558288574219e+02, 2.971482543945312e+02, 2.978864440917969e+02, 2.971493225097656e+02, 2.98222900390625e+02, 2.971552734375e+02, 2.971511840820312e+02, 2.971499938964844e+02, 2.971545104980469e+02, 2.971499328613281e+02, 2.971536254882812e+02, 2.971467895507812e+02, 2.9714990234375e+02, 2.976408996582031e+02, 2.971457824707031e+02, 2.971488342285156e+02, 2.971466369628906e+02, 2.971498718261719e+02, 2.971487121582031e+02, 2.971468811035156e+02, 2.971495971679688e+02, 2.971484985351562e+02, 2.971512756347656e+02, 2.971493225097656e+02, 2.971490173339844e+02, 2.971512145996094e+02, 2.971471252441406e+02, 2.971505432128906e+02, 2.971471252441406e+02, 2.971498718261719e+02, 2.971587219238281e+02, 2.971466979980469e+02, 2.971493530273438e+02]
multizone.PHeater[3]=[0e+00, 0e+00, 0e+00, 0e+00, 0e+00, 0e+00, 0e+00, 0e+00, 0e+00, 0e+00, 0e+00, 0e+00, 0e+00, 0e+00, 0e+00, 0e+00, 0e+00, 0e+00, 0e+00, 0e+00, 0e+00, 0e+00, 0e+00, 0e+00, 0e+00, 0e+00, 0e+00, 0e+00, 0e+00, 0e+00, 0e+00, 0e+00, 0e+00, 0e+00, 0e+00, 0e+00, 0e+00, 0e+00, 0e+00, 0e+00, 0e+00, 0e+00, 0e+00, 0e+00, 0e+00, 0e+00, 0e+00, 0e+00, 0e+00, 0e+00, 0e+00, 0e+00, 0e+00, 0e+00, 0e+00, 0e+00, 0e+00, 0e+00, 0e+00, 0e+00, 0e+00, 0e+00, 0e+00, 0e+00, 0e+00, 0e+00, 0e+00, 0e+00, 0e+00, 0e+00, 0e+00, 0e+00, 0e+00, 0e+00, 0e+00, 0e+00, 0e+00, 0e+00, 0e+00, 0e+00, 0e+00, 0e+00, 0e+00, 0e+00, 0e+00, 0e+00, 0e+00, 0e+00, 0e+00, 0e+00, 0e+00, 0e+00, 0e+00, 0e+00, 0e+00, 0e+00, 0e+00, 0e+00, 0e+00, 0e+00, 0e+00]
multizone.PCooler[3]=[0e+00, 0e+00]
multizone.TAir[3]=[2.931499938964844e+02, 3.017581176757812e+02, 2.972667846679688e+02, 2.970497131347656e+02, 3.038876647949219e+02, 2.991481628417969e+02, 2.984092102050781e+02, 3.054582214355469e+02, 2.984363708496094e+02, 2.977689819335938e+02, 3.082347717285156e+02, 2.988972473144531e+02, 2.99340087890625e+02, 3.119770812988281e+02, 2.980405578613281e+02, 2.982882385253906e+02, 3.048492431640625e+02, 2.9853173828125e+02, 3.003173522949219e+02, 2.991836547851562e+02, 2.997843933105469e+02, 3.031919860839844e+02, 2.986873474121094e+02, 2.984275207519531e+02, 3.039684143066406e+02, 2.993579406738281e+02, 3.043436584472656e+02, 3.083186950683594e+02, 2.978823852539062e+02, 3.026362609863281e+02, 3.175864868164062e+02, 2.998346862792969e+02, 3.006765747070312e+02, 3.151363830566406e+02, 3.008534851074219e+02, 3.019601440429688e+02, 3.066314086914062e+02, 3.040245666503906e+02, 3.089658508300781e+02, 3.084100952148438e+02, 3.027932739257812e+02, 3.094349060058594e+02, 3.047833557128906e+02, 3.029344177246094e+02, 3.091885681152344e+02, 3.026766052246094e+02, 3.068362121582031e+02, 3.146623840332031e+02, 3.053130493164062e+02, 3.052290344238281e+02, 3.166907043457031e+02, 3.070272827148438e+02, 3.10456298828125e+02, 3.190343017578125e+02, 3.027655334472656e+02, 3.097449645996094e+02, 3.160276489257812e+02, 3.060787353515625e+02, 3.07613525390625e+02, 3.046575622558594e+02, 3.079280395507812e+02, 3.146055908203125e+02, 3.065652160644531e+02, 3.071144104003906e+02, 3.11098876953125e+02, 3.022456970214844e+02, 3.066228942871094e+02, 3.148352966308594e+02, 3.046729431152344e+02, 3.041726379394531e+02, 3.198902893066406e+02, 3.007435913085938e+02, 3.046739807128906e+02, 3.154662780761719e+02, 2.995542907714844e+02, 3.033452453613281e+02, 3.103253479003906e+02, 3.009014892578125e+02, 3.03550048828125e+02, 3.012431640625e+02, 2.996475524902344e+02, 3.046790161132812e+02, 2.993992004394531e+02, 2.986710510253906e+02, 3.059283752441406e+02, 2.985898742675781e+02, 2.987510986328125e+02, 3.066809692382812e+02, 2.982156066894531e+02, 2.980256652832031e+02, 3.103442077636719e+02, 2.988653869628906e+02, 2.978794555664062e+02, 3.079507751464844e+02, 2.974911804199219e+02, 2.98524169921875e+02, 3.032804260253906e+02, 2.982869262695312e+02, 2.993417053222656e+02, 2.986821899414062e+02, 2.979958190917969e+02]
multizone.PHeater[4]=[0e+00, 4.162810134887695e+01, 3.229468078613281e+02, 4.533934936523438e+02, 0e+00, 0e+00, 2.189792327880859e+02, 2.078721466064453e+02, 2.425780181884766e+02, 3.044956970214844e+02, 1.66710693359375e+02, 1.347790222167969e+02, 3.893739700317383e+01, 0e+00, 8.719898223876953e+01, 0e+00, 3.23399772644043e+01, 0e+00, 0e+00, 5.747135162353516e+01, 0e+00, 0e+00, 1.728148040771484e+02, 7.586192321777344e+01, 0e+00, 0e+00, 0e+00, 0e+00, 1.675457000732422e+02, 0e+00, 0e+00, 0e+00, 0e+00, 0e+00, 0e+00, 0e+00, 0e+00, 0e+00, 0e+00, 0e+00, 0e+00, 0e+00, 0e+00, 0e+00, 0e+00, 0e+00, 0e+00, 0e+00, 0e+00, 0e+00, 0e+00, 0e+00, 0e+00, 0e+00, 0e+00, 0e+00, 0e+00, 0e+00, 0e+00, 0e+00, 0e+00, 0e+00, 0e+00, 0e+00, 0e+00, 0e+00, 0e+00, 0e+00, 0e+00, 0e+00, 0e+00, 0e+00, 0e+00, 0e+00, 0e+00, 0e+00, 0e+00, 0e+00, 0e+00, 0e+00, 0e+00, 0e+00, 0e+00, 0e+00, 0e+00, 1.860003204345703e+02, 5.894408798217773e+01, 8.615147399902344e+01, 1.669473876953125e+02, 2.735953979492188e+02, 1.527969360351562e+02, 1.030391464233398e+02, 2.416359100341797e+02, 2.230730133056641e+02, 2.688697204589844e+02, 0e+00, 1.777423095703125e+02, 2.713389892578125e+02, 1.888226623535156e+02, 2.584651794433594e+02, 3.016447143554688e+02]
multizone.PCooler[4]=[0e+00, 0e+00]
multizone.TAir[4]=[2.931499938964844e+02, 2.931477355957031e+02, 2.931491088867188e+02, 2.931486206054688e+02, 2.949635925292969e+02, 2.932031555175781e+02, 2.931492004394531e+02, 2.931515808105469e+02, 2.931500549316406e+02, 2.931489562988281e+02, 2.931178588867188e+02, 2.931492004394531e+02, 2.931476135253906e+02, 2.943546752929688e+02, 2.9314794921875e+02, 2.935067749023438e+02, 2.931679077148438e+02, 2.945718994140625e+02, 2.936388244628906e+02, 2.931500244140625e+02, 2.948403625488281e+02, 2.940263671875e+02, 2.931488952636719e+02, 2.931476135253906e+02, 2.951342163085938e+02, 2.94685791015625e+02, 2.986743774414062e+02, 2.966196594238281e+02, 2.931481628417969e+02, 2.981203002929688e+02, 2.989942321777344e+02, 2.978182983398438e+02, 2.959656372070312e+02, 2.965302734375e+02, 2.97393798828125e+02, 2.978757629394531e+02, 2.968623962402344e+02, 2.98634765625e+02, 3.008291931152344e+02, 3.004102478027344e+02, 2.979544067382812e+02, 2.99759033203125e+02, 2.99066162109375e+02, 2.983819885253906e+02, 2.986447143554688e+02, 2.979704895019531e+02, 2.997825012207031e+02, 2.996830139160156e+02, 2.994572448730469e+02, 2.985947570800781e+02, 2.978157958984375e+02, 2.998511962890625e+02, 3.014309387207031e+02, 3.002469482421875e+02, 2.978915405273438e+02, 3.014013366699219e+02, 3.01875e+02, 2.994874267578125e+02, 2.991220703125e+02, 2.981660766601562e+02, 3.002268981933594e+02, 3.034172058105469e+02, 2.993770141601562e+02, 2.999747924804688e+02, 2.992828979492188e+02, 2.962734069824219e+02, 2.991480102539062e+02, 3.001117858886719e+02, 2.993031311035156e+02, 2.983471374511719e+02, 3.000401916503906e+02, 2.975910949707031e+02, 2.988468017578125e+02, 2.986582946777344e+02, 2.955636596679688e+02, 2.960048828125e+02, 2.988002319335938e+02, 2.952224731445312e+02, 2.954136657714844e+02, 2.955080871582031e+02, 2.933057250976562e+02, 2.975040893554688e+02, 2.947383422851562e+02, 2.937667236328125e+02, 2.943392639160156e+02, 2.931495971679688e+02, 2.931477966308594e+02, 2.93149658203125e+02, 2.931490783691406e+02, 2.931488952636719e+02, 2.931515502929688e+02, 2.931487121582031e+02, 2.931493530273438e+02, 2.931573486328125e+02, 2.931483154296875e+02, 2.93191650390625e+02, 2.931508178710938e+02, 2.931496887207031e+02, 2.931517333984375e+02, 2.931498107910156e+02, 2.931495971679688e+02]
multizone.PHeater[5]=[0e+00, 1.322749267578125e+03, 2.600642578125e+03, 3.200114013671875e+03, 2.3254697265625e+03, 2.26817724609375e+03, 2.204314697265625e+03, 2.008927490234375e+03, 2.082902587890625e+03, 2.162373291015625e+03, 2.852553955078125e+03, 2.3003212890625e+03, 1.848915893554688e+03, 1.51562109375e+03, 2.219431640625e+03, 1.94683740234375e+03, 1.687346069335938e+03, 2.30932470703125e+03, 1.570029907226562e+03, 1.671500610351562e+03, 1.902530639648438e+03, 1.233487060546875e+03, 1.95364892578125e+03, 2.06509521484375e+03, 1.609690307617188e+03, 2.005554565429688e+03, 8.242658081054688e+02, 1.530037963867188e+03, 2.067566162109375e+03, 1.175034423828125e+03, 8.4787353515625e+02, 1.967010131835938e+03, 1.439918090820312e+03, 9.197496337890625e+02, 1.545266723632812e+03, 1.192656982421875e+03, 1.122110717773438e+03, 4.987414245605469e+02, 0e+00, 0e+00, 1.145136840820312e+03, 2.006988372802734e+02, 3.247806701660156e+02, 1.325281005859375e+03, 6.728308715820312e+02, 9.406690673828125e+02, 0e+00, 0e+00, 8.911354064941406e+01, 3.434906921386719e+02, 5.194298706054688e+02, 0e+00, 0e+00, 0e+00, 1.233509521484375e+03, 0e+00, 0e+00, 0e+00, 0e+00, 6.527175903320312e+02, 0e+00, 0e+00, 0e+00, 0e+00, 0e+00, 1.069484497070312e+03, 0e+00, 0e+00, 3.451872253417969e+02, 7.914835205078125e+02, 1.77392635345459e+01, 1.832604125976562e+03, 6.388023681640625e+02, 5.035424499511719e+02, 2.6069345703125e+03, 9.5833935546875e+02, 3.219885864257812e+02, 1.489045776367188e+03, 9.722193603515625e+02, 1.384659057617188e+03, 1.93187158203125e+03, 1.2403388671875e+03, 1.726567749023438e+03, 2.018380004882812e+03, 1.27095263671875e+03, 1.965198974609375e+03, 1.9996142578125e+03, 1.834904663085938e+03, 2.171670654296875e+03, 2.163367431640625e+03, 2.070256591796875e+03, 2.374323974609375e+03, 2.144451416015625e+03, 2.1664443359375e+03, 2.54874169921875e+03, 2.2241123046875e+03, 1.832719116210938e+03, 2.359749267578125e+03, 1.758120361328125e+03, 1.896018432617188e+03, 2.330107177734375e+03]
multizone.PCooler[5]=[0e+00, 0e+00]
multizone.TAir[5]=[2.931499938964844e+02, 2.931521301269531e+02, 2.93162353515625e+02, 2.931427001953125e+02, 2.931606140136719e+02, 2.931438903808594e+02, 2.931321716308594e+02, 2.931535034179688e+02, 2.931496887207031e+02, 2.931429138183594e+02, 2.931471252441406e+02, 2.931498718261719e+02, 2.931477355957031e+02, 2.931602172851562e+02, 2.931500549316406e+02, 2.931392517089844e+02, 2.931564025878906e+02, 2.931493835449219e+02, 2.931373291015625e+02, 2.931624755859375e+02, 2.931416625976562e+02, 2.931508178710938e+02, 2.931825256347656e+02, 2.931488647460938e+02, 2.931611022949219e+02, 2.931405029296875e+02, 2.931240539550781e+02, 2.931628112792969e+02, 2.931439819335938e+02, 2.931307067871094e+02, 2.931553344726562e+02, 2.931610717773438e+02, 2.931466979980469e+02, 2.931630249023438e+02, 2.931491088867188e+02, 2.931249694824219e+02, 2.931556396484375e+02, 2.931352233886719e+02, 2.939112243652344e+02, 2.942220153808594e+02, 2.931410522460938e+02, 2.931495971679688e+02, 2.931627807617188e+02, 2.931494750976562e+02, 2.9317919921875e+02, 2.931489868164062e+02, 2.933098754882812e+02, 2.933148803710938e+02, 2.931452331542969e+02, 2.93130126953125e+02, 2.931592712402344e+02, 2.941702270507812e+02, 2.962771301269531e+02, 2.941776733398438e+02, 2.931412658691406e+02, 2.947399597167969e+02, 2.964450988769531e+02, 2.939190979003906e+02, 2.934855346679688e+02, 2.931757507324219e+02, 2.942608032226562e+02, 2.969805603027344e+02, 2.93953369140625e+02, 2.941394653320312e+02, 2.933976440429688e+02, 2.931431884765625e+02, 2.935514221191406e+02, 2.934700927734375e+02, 2.931461791992188e+02, 2.9314111328125e+02, 2.931854553222656e+02, 2.931503601074219e+02, 2.931297302246094e+02, 2.931714477539062e+02, 2.931571044921875e+02, 2.931326599121094e+02, 2.93188720703125e+02, 2.931531372070312e+02, 2.931425170898438e+02, 2.931706848144531e+02, 2.931465148925781e+02, 2.93150390625e+02, 2.931903991699219e+02, 2.931510925292969e+02, 2.931693115234375e+02, 2.931491088867188e+02, 2.931325073242188e+02, 2.931633605957031e+02, 2.931494750976562e+02, 2.931429138183594e+02, 2.931451416015625e+02, 2.931505737304688e+02, 2.931495361328125e+02, 2.931515502929688e+02, 2.931485290527344e+02, 2.931322326660156e+02, 2.931534118652344e+02, 2.931523742675781e+02, 2.931299133300781e+02, 2.931617431640625e+02, 2.931463623046875e+02]
multizone.PHeater[6]=[0e+00, 4.231535339355469e+01, 1.586129913330078e+02, 1.839916076660156e+02, 1.22750846862793e+02, 6.751792907714844e+01, 9.525113677978516e+01, 1.097438430786133e+02, 7.559055328369141e+01, 1.164080047607422e+02, 2.030702819824219e+02, 6.328548812866211e+01, 6.15423698425293e+01, 9.738813781738281e+01, 1.011745300292969e+02, 1.051570739746094e+02, 8.298885345458984e+01, 8.632753753662109e+01, 8.337971496582031e+01, 8.478135681152344e+01, 4.057218170166016e+01, 7.105722808837891e+01, 7.265853881835938e+01, 8.149308776855469e+01, 9.377068328857422e+01, 4.664854431152344e+01, 0e+00, 8.688679504394531e+01, 9.797202301025391e+01, 1.700583839416504e+01, 2.643022727966309e+01, 3.831423568725586e+01, 4.50888786315918e+01, 2.304601860046387e+01, 2.628134536743164e+01, 3.813417053222656e+01, 6.014404678344727e+01, 0e+00, 0e+00, 0e+00, 0e+00, 0e+00, 0e+00, 0e+00, 0e+00, 0e+00, 0e+00, 0e+00, 0e+00, 0e+00, 0e+00, 0e+00, 0e+00, 0e+00, 0e+00, 0e+00, 0e+00, 0e+00, 0e+00, 0e+00, 0e+00, 0e+00, 0e+00, 0e+00, 0e+00, 0e+00, 0e+00, 0e+00, 0e+00, 0e+00, 0e+00, 0e+00, 0e+00, 0e+00, 1.399207401275635e+01, 1.751317596435547e+01, 0e+00, 0e+00, 3.341936874389648e+01, 5.965382385253906e+01, 4.508645629882812e+01, 5.951497268676758e+01, 5.190780639648438e+01, 8.501467895507812e+01, 4.561680221557617e+01, 7.374069976806641e+01, 7.825286865234375e+01, 9.241697692871094e+01, 9.125594329833984e+01, 1.050428924560547e+02, 1.433276672363281e+02, 7.239535522460938e+01, 1.183978118896484e+02, 1.448264312744141e+02, 1.278497467041016e+02, 1.108616409301758e+02, 1.081230010986328e+02, 9.161434936523438e+01, 1.046453170776367e+02, 1.009405746459961e+02, 1.002540435791016e+02]
multizone.PCooler[6]=[0e+00, 0e+00]
multizone.TAir[6]=[2.931499938964844e+02, 2.881502380371094e+02, 2.881487121582031e+02, 2.881495971679688e+02, 2.881509399414062e+02, 2.881498413085938e+02, 2.881499328613281e+02, 2.88149169921875e+02, 2.881500854492188e+02, 2.881498107910156e+02, 2.881506042480469e+02, 2.881499633789062e+02, 2.881498718261719e+02, 2.881500549316406e+02, 2.881498107910156e+02, 2.881506958007812e+02, 2.881500549316406e+02, 2.881498107910156e+02, 2.881533203125e+02, 2.881479797363281e+02, 2.881498413085938e+02, 2.881500244140625e+02, 2.881474914550781e+02, 2.881498107910156e+02, 2.881494750976562e+02, 2.88149658203125e+02, 2.886993103027344e+02, 2.881489868164062e+02, 2.881495971679688e+02, 2.881496276855469e+02, 2.881510314941406e+02, 2.881499328613281e+02, 2.8814990234375e+02, 2.881518859863281e+02, 2.881498718261719e+02, 2.88151123046875e+02, 2.881493835449219e+02, 2.89326416015625e+02, 2.914562377929688e+02, 2.932236633300781e+02, 2.907224426269531e+02, 2.899142761230469e+02, 2.903747253417969e+02, 2.894631652832031e+02, 2.881844177246094e+02, 2.884972229003906e+02, 2.916406555175781e+02, 2.910865173339844e+02, 2.919060974121094e+02, 2.915555419921875e+02, 2.904130859375e+02, 2.925362243652344e+02, 2.948465881347656e+02, 2.929275207519531e+02, 2.910240783691406e+02, 2.922311096191406e+02, 2.950143127441406e+02, 2.939487915039062e+02, 2.925372619628906e+02, 2.912821350097656e+02, 2.928874206542969e+02, 2.957931518554688e+02, 2.935466918945312e+02, 2.935763549804688e+02, 2.9238671875e+02, 2.904561767578125e+02, 2.918844909667969e+02, 2.911881713867188e+02, 2.917843017578125e+02, 2.903145141601562e+02, 2.901274719238281e+02, 2.892735595703125e+02, 2.893448181152344e+02, 2.895997314453125e+02, 2.881503295898438e+02, 2.881495666503906e+02, 2.901298828125e+02, 2.882069396972656e+02, 2.881515502929688e+02, 2.881485900878906e+02, 2.881500854492188e+02, 2.881499938964844e+02, 2.881487426757812e+02, 2.881500244140625e+02, 2.881499328613281e+02, 2.881500244140625e+02, 2.881499328613281e+02, 2.881485900878906e+02, 2.881499633789062e+02, 2.881498107910156e+02, 2.881502685546875e+02, 2.8814990234375e+02, 2.881498413085938e+02, 2.881492614746094e+02, 2.881496276855469e+02, 2.881512145996094e+02, 2.881487121582031e+02, 2.881499633789062e+02, 2.881543273925781e+02, 2.881484069824219e+02, 2.881499328613281e+02]
multizone.PHeater[7]=[0e+00, 1.601070251464844e+02, 5.115420837402344e+02, 6.464221801757812e+02, 1.21138053894043e+02, 3.265747680664062e+02, 3.978695068359375e+02, 3.225709228515625e+02, 3.468939208984375e+02, 3.897981872558594e+02, 4.99343505859375e+02, 3.509738464355469e+02, 2.662518310546875e+02, 1.970406646728516e+02, 3.416546020507812e+02, 2.087569732666016e+02, 1.945816497802734e+02, 2.829232177734375e+02, 2.217733764648438e+02, 2.935153198242188e+02, 1.768796081542969e+02, 1.074771728515625e+02, 3.641098327636719e+02, 2.843670043945312e+02, 0e+00, 1.803370513916016e+02, 0e+00, 5.239731216430664e+01, 3.018460693359375e+02, 0e+00, 0e+00, 9.626010131835938e+01, 1.005069808959961e+02, 0e+00, 0e+00, 0e+00, 2.400243186950684e+01, 0e+00, 0e+00, 0e+00, 0e+00, 0e+00, 0e+00, 0e+00, 0e+00, 0e+00, 0e+00, 0e+00, 0e+00, 0e+00, 0e+00, 0e+00, 0e+00, 0e+00, 0e+00, 0e+00, 0e+00, 0e+00, 0e+00, 0e+00, 0e+00, 0e+00, 0e+00, 0e+00, 0e+00, 0e+00, 0e+00, 0e+00, 0e+00, 0e+00, 0e+00, 0e+00, 0e+00, 0e+00, 3.400373229980469e+02, 0e+00, 0e+00, 1.209633483886719e+02, 0e+00, 1.896244812011719e+02, 2.951139221191406e+02, 0e+00, 2.193411560058594e+02, 2.646241760253906e+02, 1.006983184814453e+02, 3.275025634765625e+02, 2.897433166503906e+02, 2.628601989746094e+02, 3.540747680664062e+02, 3.96588623046875e+02, 3.323822631835938e+02, 3.786174011230469e+02, 3.928760070800781e+02, 3.8649658203125e+02, 4.570578308105469e+02, 2.996066284179688e+02, 3.574580993652344e+02, 4.460165405273438e+02, 3.681171875e+02, 3.959814758300781e+02, 4.443531188964844e+02]
multizone.PCooler[7]=[0e+00, 0e+00]
multizone.TAir[7]=[2.931499938964844e+02, 2.931488342285156e+02, 2.931484985351562e+02, 2.931464233398438e+02, 2.931532592773438e+02, 2.931478576660156e+02, 2.931483154296875e+02, 2.931505432128906e+02, 2.931498413085938e+02, 2.931480407714844e+02, 2.931423645019531e+02, 2.931494750976562e+02, 2.931528015136719e+02, 2.931589660644531e+02, 2.931492614746094e+02, 2.931462097167969e+02, 2.93154296875e+02, 2.931484985351562e+02, 2.931483154296875e+02, 2.931509094238281e+02, 2.93147705078125e+02, 2.931501770019531e+02, 2.931518859863281e+02, 2.931472473144531e+02, 2.933942260742188e+02, 2.931466674804688e+02, 2.945722961425781e+02, 2.931435546875e+02, 2.931477355957031e+02, 2.946246948242188e+02, 2.9435791015625e+02, 2.931509704589844e+02, 2.931512756347656e+02, 2.934947814941406e+02, 2.933811340332031e+02, 2.945220947265625e+02, 2.931553649902344e+02, 2.953641967773438e+02, 2.989682922363281e+02, 2.987690734863281e+02, 2.9601220703125e+02, 2.981141357421875e+02, 2.9710546875e+02, 2.951462707519531e+02, 2.959157409667969e+02, 2.951063232421875e+02, 2.978101196289062e+02, 2.978341064453125e+02, 2.97921630859375e+02, 2.970722045898438e+02, 2.957614135742188e+02, 2.982246704101562e+02, 3.001627502441406e+02, 2.985550537109375e+02, 2.95541748046875e+02, 2.994771728515625e+02, 3.004041442871094e+02, 2.981544799804688e+02, 2.977299194335938e+02, 2.955105590820312e+02, 2.985012512207031e+02, 3.01308349609375e+02, 2.978274230957031e+02, 2.987921142578125e+02, 2.978562622070312e+02, 2.945206909179688e+02, 2.969717102050781e+02, 2.972666625976562e+02, 2.968656921386719e+02, 2.955539245605469e+02, 2.963977355957031e+02, 2.938703918457031e+02, 2.954377136230469e+02, 2.95080078125e+02, 2.931500244140625e+02, 2.935853271484375e+02, 2.951659851074219e+02, 2.931501159667969e+02, 2.93167724609375e+02, 2.931527404785156e+02, 2.93150146484375e+02, 2.940940856933594e+02, 2.931543579101562e+02, 2.931481323242188e+02, 2.931509399414062e+02, 2.931498413085938e+02, 2.931480407714844e+02, 2.931512756347656e+02, 2.931495056152344e+02, 2.931480407714844e+02, 2.931518859863281e+02, 2.931495971679688e+02, 2.931551208496094e+02, 2.931537170410156e+02, 2.9314892578125e+02, 2.931473693847656e+02, 2.931521606445312e+02, 2.931505432128906e+02, 2.931489868164062e+02, 2.931505432128906e+02, 2.931500244140625e+02]
